3.0,4.0,1.0,16,100
0,0.7095,1.4772
1,1.5126,2.8196
2,0.15150000000000002,1.478
3,2.3244000000000002,2.2248
4,0.0495,2.5568
5,0.7515000000000001,1.6896
6,1.7721,3.3476
7,0.7053,3.9232
8,2.5827,1.3076
9,2.0478,2.126
10,0.6477,0.418
11,0.21149999999999997,1.2756
12,0.38939999999999997,2.8288
13,1.7487,1.5172
14,0.7887000000000001,3.0036
15,2.7921,0.7092
.
+,10
10,11
11,5
5,0
0,2
5,2
2,0
11,0
0,5
0,2
11,2
2,5
2,0
+,15
15,8
8,3
3,9
9,1
1,6
6,+
1,14
14,+
9,13
3,13
13,9
8,9
9,1
1,6
6,+
1,14
14,+
9,3
9,13
8,13
13,3
13,9
